149 71.6308724832 5336.5 2 0.999707555228 2 0.999707555228 2 0.999707555228 2 0.999707555228 0.149811367473 11787.6778523
64089 991.973237363 239681.12253 253 0.986117835919 252 0.0811957737453 10000 0.998641779292 10001 0.998633989206 0 13243.1578947
114399 993.405348415 439458.181818 253 0.996163314127 252 0.0413153986758 10000 0.997897508142 10001 0.997909678603 0 12242.5
115080 993.34933466 441997.264822 253 0.996150577776 252 0.0412962351711 10000 0.998119994761 10001 0.998127469915 0 12764.2105263
105963 993.528469167 407056.075099 253 0.996110845371 252 0.0415108703803 10000 0.997144167481 10001 0.997144461656 0 12362.6086957
103483 993.671073187 397224.920949 253 0.995881595843 252 0.0426565504999 10000 0.997254118063 10001 0.997258748556 0 12444.0
89849 993.052498153 345272.185771 253 0.996382977484 252 0.0397029406232 10000 0.997111752319 10001 0.997114447939 0 12462.3529412
91158 993.210641072 349296.086957 253 0.995372063123 252 0.0449923581793 10000 0.995864753616 10001 0.995882440331 0 12121.9354839
101573 993.454760277 390502.328063 253 0.996433782297 252 0.0394756716736 10000 0.997451875606 10001 0.997463230806 0 12670.9090909
98206 993.699742604 376902.849802 253 0.995898635204 252 0.0425766044614 9999 0.997653085853 10001 0.997653765438 0 9480.0
95298 993.733134303 367200.166667 253 0.995908590561 252 0.0425635906652 9999 0.997024078421 10000 0.997027277773 0 0
92452 993.211804556 354643.351779 253 0.995815917508 252 0.0429037063346 10000 0.99688919116 10001 0.996889628802 0 12462.3529412
103674 993.465327604 398422.790514 253 0.996282651022 252 0.0406258953681 10000 0.997444695656 10001 0.99745299482 0 12540.7594937
95766 993.127331955 366330.521739 253 0.994835349867 252 0.0477887903605 10000 0.997227087381 10001 0.997240018536 0 12316.3636364
94653 992.687342372 364045.521739 253 0.996696463398 252 0.0380818386092 10000 0.997433098035 10001 0.997436403049 0 11976.0
82469 992.136179647 314860.102767 253 0.994445344839 252 0.0491181249425 10000 0.995178814445 10001 0.995190515238 0 12526.875
88751 992.512924574 340255.399209 253 0.99573098689 252 0.0431917025484 10000 0.998350144212 10001 0.998354891412 0 13074.1176471
17590 992.947599261 68007.0988142 253 0.996887021019 252 0.0292909062343 9982 0.996015296961 9983 0.996021837574 0 13380.0
